22 22 22 0d 0a 4e 45 58  55 53 20 41 49 20 e2 80
94 20 57 61 6b 65 20 57  6f 72 64 20 44 65 74 65
63 74 69 6f 6e 20 44 61  65 6d 6f 6e 0d 0a 43 72
6f 73 73 2d 70 6c 61 74  66 6f 72 6d 20 61 6d 62
69 65 6e 74 20 76 6f 69  63 65 20 69 6e 70 75 74
20 75 73 69 6e 67 20 70  76 70 6f 72 63 75 70 69
6e 65 20 2b 20 66 61 73  74 65 72 2d 77 68 69 73
70 65 72 2e 0d 0a 52 75  6e 73 20 61 73 20 61 20
64 61 65 6d 6f 6e 20 74  68 72 65 61 64 3b 20 63
6f 6d 6d 75 6e 69 63 61  74 65 73 20 76 69 61 20
74 68 72 65 61 64 2d 73  61 66 65 20 71 75 65 75
65 73 2e 0d 0a 22 22 22  0d 0a 66 72 6f 6d 20 5f
5f 66 75 74 75 72 65 5f  5f 20 69 6d 70 6f 72 74
20 61 6e 6e 6f 74 61 74  69 6f 6e 73 0d 0a 0d 0a
69 6d 70 6f 72 74 20 6c  6f 67 67 69 6e 67 0d 0a
69 6d 70 6f 72 74 20 71  75 65 75 65 0d 0a 69 6d
70 6f 72 74 20 74 68 72  65 61 64 69 6e 67 0d 0a
69 6d 70 6f 72 74 20 74  69 6d 65 0d 0a 66 72 6f
6d 20 74 79 70 69 6e 67  20 69 6d 70 6f 72 74 20
4f 70 74 69 6f 6e 61 6c  0d 0a 0d 0a 66 72 6f 6d
20 6e 65 78 75 73 5f 63  6f 6e 66 69 67 2e 73 65
74 74 69 6e 67 73 20 69  6d 70 6f 72 74 20 67 65
74 5f 73 65 74 74 69 6e  67 73 0d 0a 0d 0a 6c 6f
67 67 65 72 20 3d 20 6c  6f 67 67 69 6e 67 2e 67
65 74 4c 6f 67 67 65 72  28 5f 5f 6e 61 6d 65 5f
5f 29 0d 0a 0d 0a 23 20  e2 94 80 e2 94 80 e2 94
80 20 43 6f 6e 73 74 61  6e 74 73 20 e2 94 80 e2
94 80 e2 94 80 e2 94 80  e2 94 80 e2 94 80 e2 94
80 e2 94 80 e2 94 80 e2  94 80 e2 94 80 e2 94 80
e2 94 80 e2 94 80 e2 94  80 e2 94 80 e2 94 80 e2
94 80 e2 94 80 e2 94 80  e2 94 80 e2 94 80 e2 94
80 e2 94 80 e2 94 80 e2  94 80 e2 94 80 e2 94 80
e2 94 80 e2 94 80 e2 94  80 e2 94 80 e2 94 80 e2
94 80 e2 94 80 e2 94 80  e2 94 80 e2 94 80 e2 94
80 e2 94 80 e2 94 80 e2  94 80 e2 94 80 e2 94 80
e2 94 80 e2 94 80 e2 94  80 e2 94 80 e2 94 80 e2
94 80 e2 94 80 e2 94 80  e2 94 80 e2 94 80 e2 94
80 e2 94 80 e2 94 80 e2  94 80 e2 94 80 e2 94 80
e2 94 80 e2 94 80 e2 94  80 e2 94 80 0d 0a 0d 0a
57 41 4b 45 5f 57 4f 52  44 53 20 3d 20 5b 22 6a
61 72 76 69 73 22 2c 20  22 6e 65 78 75 73 22 5d
0d 0a 44 45 46 41 55 4c  54 5f 52 45 43 4f 52 44
5f 53 45 43 4f 4e 44 53  20 3d 20 35 0d 0a 53 49
4c 45 4e 43 45 5f 54 48  52 45 53 48 4f 4c 44 5f
53 45 43 4f 4e 44 53 20  3d 20 31 2e 35 0d 0a 53
41 4d 50 4c 45 5f 52 41  54 45 20 3d 20 31 36 30
30 30 0d 0a 0d 0a 0d 0a  23 20 e2 94 80 e2 94 80
e2 94 80 20 57 61 6b 65  57 6f 72 64 44 61 65 6d
6f 6e 20 e2 94 80 e2 94  80 e2 94 80 e2 94 80 e2
94 80 e2 94 80 e2 94 80  e2 94 80 e2 94 80 e2 94
80 e2 94 80 e2 94 80 e2  94 80 e2 94 80 e2 94 80
e2 94 80 e2 94 80 e2 94  80 e2 94 80 e2 94 80 e2
94 80 e2 94 80 e2 94 80  e2 94 80 e2 94 80 e2 94
80 e2 94 80 e2 94 80 e2  94 80 e2 94 80 e2 94 80
e2 94 80 e2 94 80 e2 94  80 e2 94 80 e2 94 80 e2
94 80 e2 94 80 e2 94 80  e2 94 80 e2 94 80 e2 94
80 e2 94 80 e2 94 80 e2  94 80 e2 94 80 e2 94 80
e2 94 80 e2 94 80 e2 94  80 e2 94 80 e2 94 80 e2
94 80 e2 94 80 e2 94 80  e2 94 80 e2 94 80 e2 94
80 0d 0a 0d 0a 63 6c 61  73 73 20 57 61 6b 65 57
6f 72 64 44 61 65 6d 6f  6e 3a 0d 0a 20 20 20 20
22 22 22 0d 0a 20 20 20  20 42 61 63 6b 67 72 6f
75 6e 64 20 64 61 65 6d  6f 6e 20 74 68 72 65 61
64 20 74 68 61 74 20 6c  69 73 74 65 6e 73 20 66
6f 72 20 77 61 6b 65 20  77 6f 72 64 73 20 75 73
69 6e 67 20 70 76 70 6f  72 63 75 70 69 6e 65 2c
0d 0a 20 20 20 20 74 68  65 6e 20 74 72 61 6e 73
63 72 69 62 65 73 20 73  75 62 73 65 71 75 65 6e
74 20 73 70 65 65 63 68  20 77 69 74 68 20 66 61
73 74 65 72 2d 77 68 69  73 70 65 72 2e 0d 0a 0d
0a 20 20 20 20 50 75 73  68 65 73 20 74 72 61 6e
73 63 72 69 62 65 64 20  74 65 78 74 20 74 6f 20
61 6e 20 6f 75 74 70 75  74 20 71 75 65 75 65 20
66 6f 72 20 74 68 65 20  6f 72 63 68 65 73 74 72
61 74 6f 72 20 74 6f 20  63 6f 6e 73 75 6d 65 2e
0d 0a 0d 0a 20 20 20 20  47 72 61 63 65 66 75 6c
6c 79 20 64 65 67 72 61  64 65 73 20 69 66 20 50
6f 72 63 75 70 69 6e 65  20 6b 65 79 20 69 73 20
6d 69 73 73 69 6e 67 20  6f 72 20 61 75 64 69 6f
20 68 61 72 64 77 61 72  65 20 69 73 20 75 6e 61
76 61 69 6c 61 62 6c 65  2e 0d 0a 20 20 20 20 22
22 22 0d 0a 0d 0a 20 20  20 20 64 65 66 20 5f 5f
69 6e 69 74 5f 5f 28 0d  0a 20 20 20 20 20 20 20
20 73 65 6c 66 2c 0d 0a  20 20 20 20 20 20 20 20
6f 75 74 70 75 74 5f 71  75 65 75 65 3a 20 71 75
65 75 65 2e 51 75 65 75  65 2c 0d 0a 20 20 20 20
20 20 20 20 65 72 72 6f  72 5f 71 75 65 75 65 3a
20 4f 70 74 69 6f 6e 61  6c 5b 71 75 65 75 65 2e
51 75 65 75 65 5d 20 3d  20 4e 6f 6e 65 2c 0d 0a
20 20 20 20 29 20 2d 3e  20 4e 6f 6e 65 3a 0d 0a
20 20 20 20 20 20 20 20  22 22 22 0d 0a 20 20 20
20 20 20 20 20 41 72 67  73 3a 0d 0a 20 20 20 20
20 20 20 20 20 20 20 20  6f 75 74 70 75 74 5f 71
75 65 75 65 3a 20 54 68  72 65 61 64 2d 73 61 66
65 20 71 75 65 75 65 20  77 68 65 72 65 20 74 72
61 6e 73 63 72 69 62 65  64 20 74 65 78 74 20 69
73 20 70 75 73 68 65 64  2e 0d 0a 20 20 20 20 20
20 20 20 20 20 20 20 65  72 72 6f 72 5f 71 75 65
75 65 3a 20 4f 70 74 69  6f 6e 61 6c 20 71 75 65
75 65 20 66 6f 72 20 75  73 65 72 2d 72 65 61 64
61 62 6c 65 20 65 72 72  6f 72 20 6d 65 73 73 61
67 65 73 2e 0d 0a 20 20  20 20 20 20 20 20 22 22
22 0d 0a 20 20 20 20 20  20 20 20 73 65 6c 66 2e
5f 6f 75 74 70 75 74 5f  71 75 65 75 65 20 3d 20
6f 75 74 70 75 74 5f 71  75 65 75 65 0d 0a 20 20
20 20 20 20 20 20 73 65  6c 66 2e 5f 65 72 72 6f
72 5f 71 75 65 75 65 20  3d 20 65 72 72 6f 72 5f
71 75 65 75 65 20 6f 72  20 71 75 65 75 65 2e 51
75 65 75 65 28 29 0d 0a  20 20 20 20 20 20 20 20
73 65 6c 66 2e 5f 73 74  6f 70 5f 65 76 65 6e 74
20 3d 20 74 68 72 65 61  64 69 6e 67 2e 45 76 65
6e 74 28 29 0d 0a 20 20  20 20 20 20 20 20 73 65
6c 66 2e 5f 74 68 72 65  61 64 3a 20 4f 70 74 69
6f 6e 61 6c 5b 74 68 72  65 61 64 69 6e 67 2e 54
68 72 65 61 64 5d 20 3d  20 4e 6f 6e 65 0d 0a 20
20 20 20 20 20 20 20 73  65 6c 66 2e 5f 70 6f 72
63 75 70 69 6e 65 20 3d  20 4e 6f 6e 65 0d 0a 20
20 20 20 20 20 20 20 73  65 6c 66 2e 5f 61 75 64
69 6f 5f 73 74 72 65 61  6d 20 3d 20 4e 6f 6e 65
0d 0a 20 20 20 20 20 20  20 20 73 65 6c 66 2e 5f
77 68 69 73 70 65 72 5f  6d 6f 64 65 6c 20 3d 20
4e 6f 6e 65 0d 0a 20 20  20 20 20 20 20 20 73 65
6c 66 2e 5f 65 6e 61 62  6c 65 64 20 3d 20 46 61
6c 73 65 0d 0a 20 20 20  20 20 20 20 20 73 65 6c
66 2e 5f 69 6e 69 74 69  61 6c 69 7a 65 64 20 3d
20 46 61 6c 73 65 0d 0a  0d 0a 20 20 20 20 23 20
e2 94 80 e2 94 80 20 50  75 62 6c 69 63 20 41 50
49 20 e2 94 80 e2 94 80  e2 94 80 e2 94 80 e2 94
80 e2 94 80 e2 94 80 e2  94 80 e2 94 80 e2 94 80
e2 94 80 e2 94 80 e2 94  80 e2 94 80 e2 94 80 e2
94 80 e2 94 80 e2 94 80  e2 94 80 e2 94 80 e2 94
80 e2 94 80 e2 94 80 e2  94 80 e2 94 80 e2 94 80
e2 94 80 e2 94 80 e2 94  80 e2 94 80 e2 94 80 e2
94 80 e2 94 80 e2 94 80  e2 94 80 e2 94 80 e2 94
80 e2 94 80 e2 94 80 e2  94 80 e2 94 80 e2 94 80
e2 94 80 e2 94 80 e2 94  80 e2 94 80 e2 94 80 e2
94 80 e2 94 80 e2 94 80  e2 94 80 e2 94 80 e2 94
80 e2 94 80 e2 94 80 e2  94 80 e2 94 80 e2 94 80
e2 94 80 0d 0a 0d 0a 20  20 20 20 64 65 66 20 73
74 61 72 74 28 73 65 6c  66 29 20 2d 3e 20 4e 6f
6e 65 3a 0d 0a 20 20 20  20 20 20 20 20 22 22 22
53 74 61 72 74 20 74 68  65 20 77 61 6b 65 2d 77
6f 72 64 20 64 65 74 65  63 74 69 6f 6e 20 64 61
65 6d 6f 6e 20 74 68 72  65 61 64 2e 22 22 22 0d
0a 20 20 20 20 20 20 20  20 69 66 20 73 65 6c 66
2e 5f 74 68 72 65 61 64  20 69 73 20 6e 6f 74 20
4e 6f 6e 65 20 61 6e 64  20 73 65 6c 66 2e 5f 74
68 72 65 61 64 2e 69 73  5f 61 6c 69 76 65 28 29
3a 0d 0a 20 20 20 20 20  20 20 20 20 20 20 20 6c
6f 67 67 65 72 2e 77 61  72 6e 69 6e 67 28 22 57
61 6b 65 57 6f 72 64 44  61 65 6d 6f 6e 20 69 73
20 61 6c 72 65 61 64 79  20 72 75 6e 6e 69 6e 67
2e 22 29 0d 0a 20 20 20  20 20 20 20 20 20 20 20
20 72 65 74 75 72 6e 0d  0a 0d 0a 20 20 20 20 20
20 20 20 73 65 6c 66 2e  5f 73 74 6f 70 5f 65 76
65 6e 74 2e 63 6c 65 61  72 28 29 0d 0a 20 20 20
20 20 20 20 20 73 65 6c  66 2e 5f 74 68 72 65 61
64 20 3d 20 74 68 72 65  61 64 69 6e 67 2e 54 68
72 65 61 64 28 0d 0a 20  20 20 20 20 20 20 20 20
20 20 20 74 61 72 67 65  74 3d 73 65 6c 66 2e 5f
72 75 6e 5f 6c 6f 6f 70  2c 0d 0a 20 20 20 20 20
20 20 20 20 20 20 20 64  61 65 6d 6f 6e 3d 54 72
75 65 2c 0d 0a 20 20 20  20 20 20 20 20 20 20 20
20 6e 61 6d 65 3d 22 77  61 6b 65 2d 77 6f 72 64
2d 64 61 65 6d 6f 6e 22  2c 0d 0a 20 20 20 20 20
20 20 20 29 0d 0a 20 20  20 20 20 20 20 20 73 65
6c 66 2e 5f 74 68 72 65  61 64 2e 73 74 61 72 74
28 29 0d 0a 20 20 20 20  20 20 20 20 6c 6f 67 67
65 72 2e 69 6e 66 6f 28  22 57 61 6b 65 57 6f 72
64 44 61 65 6d 6f 6e 20  74 68 72 65 61 64 20 73
74 61 72 74 65 64 2e 22  29 0d 0a 0d 0a 20 20 20
20 64 65 66 20 73 74 6f  70 28 73 65 6c 66 29 20
2d 3e 20 4e 6f 6e 65 3a  0d 0a 20 20 20 20 20 20
20 20 22 22 22 53 69 67  6e 61 6c 20 74 68 65 20
64 61 65 6d 6f 6e 20 74  6f 20 73 74 6f 70 20 61
6e 64 20 77 61 69 74 20  66 6f 72 20 69 74 20 74
6f 20 66 69 6e 69 73 68  2e 22 22 22 0d 0a 20 20
20 20 20 20 20 20 73 65  6c 66 2e 5f 73 74 6f 70
5f 65 76 65 6e 74 2e 73  65 74 28 29 0d 0a 20 20
20 20 20 20 20 20 69 66  20 73 65 6c 66 2e 5f 74
68 72 65 61 64 20 61 6e  64 20 73 65 6c 66 2e 5f
74 68 72 65 61 64 2e 69  73 5f 61 6c 69 76 65 28
29 3a 0d 0a 20 20 20 20  20 20 20 20 20 20 20 20
73 65 6c 66 2e 5f 74 68  72 65 61 64 2e 6a 6f 69
6e 28 74 69 6d 65 6f 75  74 3d 35 2e 30 29 0d 0a
20 20 20 20 20 20 20 20  73 65 6c 66 2e 5f 63 6c
65 61 6e 75 70 28 29 0d  0a 20 20 20 20 20 20 20
20 6c 6f 67 67 65 72 2e  69 6e 66 6f 28 22 57 61
6b 65 57 6f 72 64 44 61  65 6d 6f 6e 20 73 74 6f
70 70 65 64 2e 22 29 0d  0a 0d 0a 20 20 20 20 40
70 72 6f 70 65 72 74 79  0d 0a 20 20 20 20 64 65
66 20 69 73 5f 72 75 6e  6e 69 6e 67 28 73 65 6c
66 29 20 2d 3e 20 62 6f  6f 6c 3a 0d 0a 20 20 20
20 20 20 20 20 22 22 22  43 68 65 63 6b 20 69 66
20 74 68 65 20 64 61 65  6d 6f 6e 20 74 68 72 65
61 64 20 69 73 20 61 6c  69 76 65 2e 22 22 22 0d
0a 20 20 20 20 20 20 20  20 72 65 74 75 72 6e 20
73 65 6c 66 2e 5f 74 68  72 65 61 64 20 69 73 20
6e 6f 74 20 4e 6f 6e 65  20 61 6e 64 20 73 65 6c
66 2e 5f 74 68 72 65 61  64 2e 69 73 5f 61 6c 69
76 65 28 29 0d 0a 0d 0a  20 20 20 20 40 70 72 6f
70 65 72 74 79 0d 0a 20  20 20 20 64 65 66 20 69
73 5f 65 6e 61 62 6c 65  64 28 73 65 6c 66 29 20
2d 3e 20 62 6f 6f 6c 3a  0d 0a 20 20 20 20 20 20
20 20 22 22 22 43 68 65  63 6b 20 69 66 20 74 68
65 20 6d 6f 64 75 6c 65  20 69 73 20 66 75 6e 63
74 69 6f 6e 61 6c 20 28  50 6f 72 63 75 70 69 6e
65 20 6b 65 79 20 70 72  65 73 65 6e 74 2c 20 68
61 72 64 77 61 72 65 20  4f 4b 29 2e 22 22 22 0d
0a 20 20 20 20 20 20 20  20 72 65 74 75 72 6e 20
73 65 6c 66 2e 5f 65 6e  61 62 6c 65 64 0d 0a 0d
0a 20 20 20 20 23 20 e2  94 80 e2 94 80 20 49 6e
74 65 72 6e 61 6c 20 4c  6f 6f 70 20 e2 94 80 e2
94 80 e2 94 80 e2 94 80  e2 94 80 e2 94 80 e2 94
80 e2 94 80 e2 94 80 e2  94 80 e2 94 80 e2 94 80
e2 94 80 e2 94 80 e2 94  80 e2 94 80 e2 94 80 e2
94 80 e2 94 80 e2 94 80  e2 94 80 e2 94 80 e2 94
80 e2 94 80 e2 94 80 e2  94 80 e2 94 80 e2 94 80
e2 94 80 e2 94 80 e2 94  80 e2 94 80 e2 94 80 e2
94 80 e2 94 80 e2 94 80  e2 94 80 e2 94 80 e2 94
80 e2 94 80 e2 94 80 e2  94 80 e2 94 80 e2 94 80
e2 94 80 e2 94 80 e2 94  80 e2 94 80 e2 94 80 e2
94 80 e2 94 80 e2 94 80  e2 94 80 e2 94 80 e2 94
80 e2 94 80 0d 0a 0d 0a  20 20 20 20 64 65 66 20
5f 72 75 6e 5f 6c 6f 6f  70 28 73 65 6c 66 29 20
2d 3e 20 4e 6f 6e 65 3a  0d 0a 20 20 20 20 20 20
20 20 22 22 22 4d 61 69  6e 20 6c 6f 6f 70 3a 20
69 6e 69 74 69 61 6c 69  7a 65 20 68 61 72 64 77
61 72 65 2c 20 74 68 65  6e 20 6c 69 73 74 65 6e
20 66 6f 72 20 77 61 6b  65 20 77 6f 72 64 73 2e
22 22 22 0d 0a 20 20 20  20 20 20 20 20 74 72 79
3a 0d 0a 20 20 20 20 20  20 20 20 20 20 20 20 73
65 6c 66 2e 5f 69 6e 69  74 69 61 6c 69 7a 65 28
29 0d 0a 20 20 20 20 20  20 20 20 65 78 63 65 70
74 20 45 78 63 65 70 74  69 6f 6e 20 61 73 20 65
78 63 3a 0d 0a 20 20 20  20 20 20 20 20 20 20 20
20 6d 73 67 20 3d 20 66  22 57 61 6b 65 57 6f 72
64 44 61 65 6d 6f 6e 20  69 6e 69 74 69 61 6c 69
7a 61 74 69 6f 6e 20 66  61 69 6c 65 64 3a 20 7b
65 78 63 7d 22 0d 0a 20  20 20 20 20 20 20 20 20
20 20 20 6c 6f 67 67 65  72 2e 77 61 72 6e 69 6e
67 28 6d 73 67 29 0d 0a  20 20 20 20 20 20 20 20
20 20 20 20 73 65 6c 66  2e 5f 65 72 72 6f 72 5f
71 75 65 75 65 2e 70 75  74 5f 6e 6f 77 61 69 74
28 6d 73 67 29 0d 0a 20  20 20 20 20 20 20 20 20
20 20 20 73 65 6c 66 2e  5f 65 6e 61 62 6c 65 64
20 3d 20 46 61 6c 73 65  0d 0a 20 20 20 20 20 20
20 20 20 20 20 20 72 65  74 75 72 6e 0d 0a 0d 0a
20 20 20 20 20 20 20 20  73 65 6c 66 2e 5f 65 6e
61 62 6c 65 64 20 3d 20  54 72 75 65 0d 0a 20 20
20 20 20 20 20 20 73 65  6c 66 2e 5f 69 6e 69 74
69 61 6c 69 7a 65 64 20  3d 20 54 72 75 65 0d 0a
20 20 20 20 20 20 20 20  6c 6f 67 67 65 72 2e 69
6e 66 6f 28 22 57 61 6b  65 57 6f 72 64 44 61 65
6d 6f 6e 20 6e 6f 77 20  6c 69 73 74 65 6e 69 6e
67 20 66 6f 72 20 77 61  6b 65 20 77 6f 72 64 73
3a 20 25 73 22 2c 20 57  41 4b 45 5f 57 4f 52 44
53 29 0d 0a 0d 0a 20 20  20 20 20 20 20 20 77 68
69 6c 65 20 6e 6f 74 20  73 65 6c 66 2e 5f 73 74
6f 70 5f 65 76 65 6e 74  2e 69 73 5f 73 65 74 28
29 3a 0d 0a 20 20 20 20  20 20 20 20 20 20 20 20
74 72 79 3a 0d 0a 20 20  20 20 20 20 20 20 20 20
20 20 20 20 20 20 69 66  20 73 65 6c 66 2e 5f 70
6f 72 63 75 70 69 6e 65  20 69 73 20 4e 6f 6e 65
3a 0d 0a 20 20 20 20 20  20 20 20 20 20 20 20 20
20 20 20 20 20 20 20 23  20 4e 6f 20 50 6f 72 63
75 70 69 6e 65 20 6b 65  79 20 e2 80 94 20 6a 75
73 74 20 73 6c 65 65 70  0d 0a 20 20 20 20 20 20
20 20 20 20 20 20 20 20  20 20 20 20 20 20 74 69
6d 65 2e 73 6c 65 65 70  28 30 2e 35 29 0d 0a 20
20 20 20 20 20 20 20 20  20 20 20 20 20 20 20 20
20 20 20 63 6f 6e 74 69  6e 75 65 0d 0a 0d 0a 20
20 20 20 20 20 20 20 20  20 20 20 20 20 20 20 23
20 52 65 61 64 20 61 75  64 69 6f 20 66 72 61 6d
65 0d 0a 20 20 20 20 20  20 20 20 20 20 20 20 20
20 20 20 70 63 6d 20 3d  20 73 65 6c 66 2e 5f 61
75 64 69 6f 5f 73 74 72  65 61 6d 2e 72 65 61 64
28 29 0d 0a 20 20 20 20  20 20 20 20 20 20 20 20
20 20 20 20 69 66 20 70  63 6d 20 69 73 20 4e 6f
6e 65 3a 0d 0a 20 20 20  20 20 20 20 20 20 20 20
20 20 20 20 20 20 20 20  20 63 6f 6e 74 69 6e 75
65 0d 0a 0d 0a 20 20 20  20 20 20 20 20 20 20 20
20 20 20 20 20 23 20 50  72 6f 63 65 73 73 20 77
69 74 68 20 50 6f 72 63  75 70 69 6e 65 0d 0a 20
20 20 20 20 20 20 20 20  20 20 20 20 20 20 20 6b
65 79 77 6f 72 64 5f 69  6e 64 65 78 20 3d 20 73
65 6c 66 2e 5f 70 6f 72  63 75 70 69 6e 65 2e 70
72 6f 63 65 73 73 28 70  63 6d 29 0d 0a 0d 0a 20
20 20 20 20 20 20 20 20  20 20 20 20 20 20 20 69
66 20 6b 65 79 77 6f 72  64 5f 69 6e 64 65 78 20
3e 3d 20 30 3a 0d 0a 20  20 20 20 20 20 20 20 20
20 20 20 20 20 20 20 20  20 20 20 64 65 74 65 63
74 65 64 5f 77 6f 72 64  20 3d 20 57 41 4b 45 5f
57 4f 52 44 53 5b 6b 65  79 77 6f 72 64 5f 69 6e
64 65 78 5d 20 69 66 20  6b 65 79 77 6f 72 64 5f
69 6e 64 65 78 20 3c 20  6c 65 6e 28 57 41 4b 45
5f 57 4f 52 44 53 29 20  65 6c 73 65 20 22 75 6e
6b 6e 6f 77 6e 22 0d 0a  20 20 20 20 20 20 20 20
20 20 20 20 20 20 20 20  20 20 20 20 6c 6f 67 67
65 72 2e 69 6e 66 6f 28  22 57 61 6b 65 20 77 6f
72 64 20 64 65 74 65 63  74 65 64 3a 20 25 73 22
2c 20 64 65 74 65 63 74  65 64 5f 77 6f 72 64 29
0d 0a 20 20 20 20 20 20  20 20 20 20 20 20 20 20
20 20 20 20 20 20 73 65  6c 66 2e 5f 6f 6e 5f 77
61 6b 65 5f 77 6f 72 64  28 64 65 74 65 63 74 65
64 5f 77 6f 72 64 29 0d  0a 0d 0a 20 20 20 20 20
20 20 20 20 20 20 20 65  78 63 65 70 74 20 45 78
63 65 70 74 69 6f 6e 20  61 73 20 65 78 63 3a 0d
0a 20 20 20 20 20 20 20  20 20 20 20 20 20 20 20
20 6c 6f 67 67 65 72 2e  65 72 72 6f 72 28 22 45
72 72 6f 72 20 69 6e 20  77 61 6b 65 2d 77 6f 72
64 20 6c 6f 6f 70 3a 20  25 73 22 2c 20 65 78 63
2c 20 65 78 63 5f 69 6e  66 6f 3d 54 72 75 65 29
0d 0a 20 20 20 20 20 20  20 20 20 20 20 20 20 20
20 20 74 69 6d 65 2e 73  6c 65 65 70 28 30 2e 35
29 0d 0a 0d 0a 20 20 20  20 64 65 66 20 5f 69 6e
69 74 69 61 6c 69 7a 65  28 73 65 6c 66 29 20 2d
3e 20 4e 6f 6e 65 3a 0d  0a 20 20 20 20 20 20 20
20 22 22 22 0d 0a 20 20  20 20 20 20 20 20 49 6e
69 74 69 61 6c 69 7a 65  20 50 6f 72 63 75 70 69
6e 65 2c 20 72 65 63 6f  72 64 65 72 2c 20 61 6e
64 20 57 68 69 73 70 65  72 20 6d 6f 64 65 6c 2e
0d 0a 20 20 20 20 20 20  20 20 52 61 69 73 65 73
20 65 78 63 65 70 74 69  6f 6e 73 20 74 68 61 74
20 61 72 65 20 63 61 75  67 68 74 20 62 79 20 5f
72 75 6e 5f 6c 6f 6f 70  20 66 6f 72 20 67 72 61
63 65 66 75 6c 20 64 65  67 72 61 64 61 74 69 6f
6e 2e 0d 0a 20 20 20 20  20 20 20 20 22 22 22 0d
0a 20 20 20 20 20 20 20  20 73 65 74 74 69 6e 67
73 20 3d 20 67 65 74 5f  73 65 74 74 69 6e 67 73
28 29 0d 0a 20 20 20 20  20 20 20 20 61 63 63 65
73 73 5f 6b 65 79 20 3d  20 73 65 74 74 69 6e 67
73 2e 50 4f 52 43 55 50  49 4e 45 5f 41 43 43 45
53 53 5f 4b 45 59 0d 0a  0d 0a 20 20 20 20 20 20
20 20 23 20 e2 94 80 e2  94 80 20 57 68 69 73 70
65 72 20 6d 6f 64 65 6c  20 28 6c 61 7a 79 20 6c
6f 61 64 29 20 e2 94 80  e2 94 80 0d 0a 20 20 20
20 20 20 20 20 74 72 79  3a 0d 0a 20 20 20 20 20
20 20 20 20 20 20 20 66  72 6f 6d 20 66 61 73 74
65 72 5f 77 68 69 73 70  65 72 20 69 6d 70 6f 72
74 20 57 68 69 73 70 65  72 4d 6f 64 65 6c 20 20
23 20 74 79 70 65 3a 20  69 67 6e 6f 72 65 5b 69
6d 70 6f 72 74 2d 6e 6f  74 2d 66 6f 75 6e 64 5d
0d 0a 20 20 20 20 20 20  20 20 20 20 20 20 73 65
6c 66 2e 5f 77 68 69 73  70 65 72 5f 6d 6f 64 65
6c 20 3d 20 57 68 69 73  70 65 72 4d 6f 64 65 6c
28 0d 0a 20 20 20 20 20  20 20 20 20 20 20 20 20
20 20 20 22 62 61 73 65  22 2c 0d 0a 20 20 20 20
20 20 20 20 20 20 20 20  20 20 20 20 64 65 76 69
63 65 3d 22 63 70 75 22  2c 0d 0a 20 20 20 20 20
20 20 20 20 20 20 20 20  20 20 20 63 6f 6d 70 75
74 65 5f 74 79 70 65 3d  22 69 6e 74 38 22 2c 0d
0a 20 20 20 20 20 20 20  20 20 20 20 20 29 0d 0a
20 20 20 20 20 20 20 20  20 20 20 20 6c 6f 67 67
65 72 2e 69 6e 66 6f 28  22 66 61 73 74 65 72 2d
77 68 69 73 70 65 72 20  6d 6f 64 65 6c 20 6c 6f
61 64 65 64 20 28 62 61  73 65 2c 20 69 6e 74 38
29 2e 22 29 0d 0a 20 20  20 20 20 20 20 20 65 78
63 65 70 74 20 49 6d 70  6f 72 74 45 72 72 6f 72
3a 0d 0a 20 20 20 20 20  20 20 20 20 20 20 20 6c
6f 67 67 65 72 2e 77 61  72 6e 69 6e 67 28 22 66
61 73 74 65 72 2d 77 68  69 73 70 65 72 20 6e 6f
74 20 69 6e 73 74 61 6c  6c 65 64 20 e2 80 94 20
76 6f 69 63 65 20 74 72  61 6e 73 63 72 69 70 74
69 6f 6e 20 64 69 73 61  62 6c 65 64 2e 22 29 0d
0a 20 20 20 20 20 20 20  20 20 20 20 20 73 65 6c
66 2e 5f 77 68 69 73 70  65 72 5f 6d 6f 64 65 6c
20 3d 20 4e 6f 6e 65 0d  0a 20 20 20 20 20 20 20
20 65 78 63 65 70 74 20  45 78 63 65 70 74 69 6f
6e 20 61 73 20 65 78 63  3a 0d 0a 20 20 20 20 20
20 20 20 20 20 20 20 6c  6f 67 67 65 72 2e 77 61
72 6e 69 6e 67 28 22 46  61 69 6c 65 64 20 74 6f
20 6c 6f 61 64 20 57 68  69 73 70 65 72 20 6d 6f
64 65 6c 3a 20 25 73 22  2c 20 65 78 63 29 0d 0a
20 20 20 20 20 20 20 20  20 20 20 20 73 65 6c 66
2e 5f 77 68 69 73 70 65  72 5f 6d 6f 64 65 6c 20
3d 20 4e 6f 6e 65 0d 0a  0d 0a 20 20 20 20 20 20
20 20 23 20 e2 94 80 e2  94 80 20 50 6f 72 63 75
70 69 6e 65 20 2b 20 52  65 63 6f 72 64 65 72 20
e2 94 80 e2 94 80 0d 0a  20 20 20 20 20 20 20 20
69 66 20 6e 6f 74 20 61  63 63 65 73 73 5f 6b 65
79 3a 0d 0a 20 20 20 20  20 20 20 20 20 20 20 20
6c 6f 67 67 65 72 2e 77  61 72 6e 69 6e 67 28 0d
0a 20 20 20 20 20 20 20  20 20 20 20 20 20 20 20
20 22 50 4f 52 43 55 50  49 4e 45 5f 41 43 43 45
53 53 5f 4b 45 59 20 6e  6f 74 20 73 65 74 2e 20
22 0d 0a 20 20 20 20 20  20 20 20 20 20 20 20 20
20 20 20 22 57 61 6b 65  2d 77 6f 72 64 20 64 65
74 65 63 74 69 6f 6e 20  64 69 73 61 62 6c 65 64
2e 20 22 0d 0a 20 20 20  20 20 20 20 20 20 20 20
20 20 20 20 20 22 53 65  74 20 74 68 65 20 6b 65
79 20 69 6e 20 25 73 2f  2e 65 6e 76 20 74 6f 20
65 6e 61 62 6c 65 20 76  6f 69 63 65 20 61 63 74
69 76 61 74 69 6f 6e 2e  22 2c 0d 0a 20 20 20 20
20 20 20 20 20 20 20 20  20 20 20 20 67 65 74 5f
73 65 74 74 69 6e 67 73  28 29 2e 5f 5f 63 6c 61
73 73 5f 5f 2e 5f 5f 6d  6f 64 75 6c 65 5f 5f 2c
0d 0a 20 20 20 20 20 20  20 20 20 20 20 20 29 0d
0a 20 20 20 20 20 20 20  20 20 20 20 20 73 65 6c
66 2e 5f 70 6f 72 63 75  70 69 6e 65 20 3d 20 4e
6f 6e 65 0d 0a 20 20 20  20 20 20 20 20 20 20 20
20 73 65 6c 66 2e 5f 61  75 64 69 6f 5f 73 74 72
65 61 6d 20 3d 20 4e 6f  6e 65 0d 0a 20 20 20 20
20 20 20 20 20 20 20 20  72 65 74 75 72 6e 0d 0a
0d 0a 20 20 20 20 20 20  20 20 74 72 79 3a 0d 0a
20 20 20 20 20 20 20 20  20 20 20 20 69 6d 70 6f
72 74 20 70 76 70 6f 72  63 75 70 69 6e 65 0d 0a
20 20 20 20 20 20 20 20  20 20 20 20 69 6d 70 6f
72 74 20 70 76 72 65 63  6f 72 64 65 72 0d 0a 0d
0a 20 20 20 20 20 20 20  20 20 20 20 20 73 65 6c
66 2e 5f 70 6f 72 63 75  70 69 6e 65 20 3d 20 70
76 70 6f 72 63 75 70 69  6e 65 2e 63 72 65 61 74
65 28 0d 0a 20 20 20 20  20 20 20 20 20 20 20 20
20 20 20 20 61 63 63 65  73 73 5f 6b 65 79 3d 61
63 63 65 73 73 5f 6b 65  79 2c 0d 0a 20 20 20 20
20 20 20 20 20 20 20 20  20 20 20 20 6b 65 79 77
6f 72 64 73 3d 57 41 4b  45 5f 57 4f 52 44 53 2c
0d 0a 20 20 20 20 20 20  20 20 20 20 20 20 29 0d
0a 0d 0a 20 20 20 20 20  20 20 20 20 20 20 20 73
65 6c 66 2e 5f 61 75 64  69 6f 5f 73 74 72 65 61
6d 20 3d 20 70 76 72 65  63 6f 72 64 65 72 2e 50
76 52 65 63 6f 72 64 65  72 28 0d 0a 20 20 20 20
20 20 20 20 20 20 20 20  20 20 20 20 66 72 61 6d
65 5f 6c 65 6e 67 74 68  3d 73 65 6c 66 2e 5f 70
6f 72 63 75 70 69 6e 65  2e 66 72 61 6d 65 5f 6c
65 6e 67 74 68 2c 0d 0a  20 20 20 20 20 20 20 20
20 20 20 20 20 20 20 20  64 65 76 69 63 65 5f 69
6e 64 65 78 3d 2d 31 2c  20 20 23 20 64 65 66 61
75 6c 74 20 6d 69 63 72  6f 70 68 6f 6e 65 0d 0a
20 20 20 20 20 20 20 20  20 20 20 20 29 0d 0a 20
20 20 20 20 20 20 20 20  20 20 20 73 65 6c 66 2e
5f 61 75 64 69 6f 5f 73  74 72 65 61 6d 2e 73 74
61 72 74 28 29 0d 0a 0d  0a 20 20 20 20 20 20 20
20 20 20 20 20 6c 6f 67  67 65 72 2e 69 6e 66 6f
28 0d 0a 20 20 20 20 20  20 20 20 20 20 20 20 20
20 20 20 22 50 6f 72 63  75 70 69 6e 65 20 69 6e
69 74 69 61 6c 69 7a 65  64 20 28 66 72 61 6d 65
5f 6c 65 6e 67 74 68 3d  25 64 29 2e 22 2c 0d 0a
20 20 20 20 20 20 20 20  20 20 20 20 20 20 20 20
73 65 6c 66 2e 5f 70 6f  72 63 75 70 69 6e 65 2e
66 72 61 6d 65 5f 6c 65  6e 67 74 68 2c 0d 0a 20
20 20 20 20 20 20 20 20  20 20 20 29 0d 0a 0d 0a
20 20 20 20 20 20 20 20  65 78 63 65 70 74 20 49
6d 70 6f 72 74 45 72 72  6f 72 3a 0d 0a 20 20 20
20 20 20 20 20 20 20 20  20 6c 6f 67 67 65 72 2e
77 61 72 6e 69 6e 67 28  0d 0a 20 20 20 20 20 20
20 20 20 20 20 20 20 20  20 20 22 70 76 70 6f 72
63 75 70 69 6e 65 20 6f  72 20 70 76 72 65 63 6f
72 64 65 72 20 6e 6f 74  20 69 6e 73 74 61 6c 6c
65 64 20 e2 80 94 20 77  61 6b 65 2d 77 6f 72 64
20 64 69 73 61 62 6c 65  64 2e 22 0d 0a 20 20 20
20 20 20 20 20 20 20 20  20 29 0d 0a 20 20 20 20
20 20 20 20 20 20 20 20  73 65 6c 66 2e 5f 70 6f
72 63 75 70 69 6e 65 20  3d 20 4e 6f 6e 65 0d 0a
20 20 20 20 20 20 20 20  20 20 20 20 73 65 6c 66
2e 5f 61 75 64 69 6f 5f  73 74 72 65 61 6d 20 3d
20 4e 6f 6e 65 0d 0a 20  20 20 20 20 20 20 20 65
78 63 65 70 74 20 45 78  63 65 70 74 69 6f 6e 20
61 73 20 65 78 63 3a 0d  0a 20 20 20 20 20 20 20
20 20 20 20 20 65 72 72  6f 72 5f 6d 73 67 20 3d
20 66 22 4d 69 63 72 6f  70 68 6f 6e 65 20 69 6e
69 74 69 61 6c 69 7a 61  74 69 6f 6e 20 66 61 69
6c 65 64 3a 20 7b 65 78  63 7d 22 0d 0a 20 20 20
20 20 20 20 20 20 20 20  20 6c 6f 67 67 65 72 2e
77 61 72 6e 69 6e 67 28  65 72 72 6f 72 5f 6d 73
67 29 0d 0a 20 20 20 20  20 20 20 20 20 20 20 20
73 65 6c 66 2e 5f 65 72  72 6f 72 5f 71 75 65 75
65 2e 70 75 74 5f 6e 6f  77 61 69 74 28 65 72 72
6f 72 5f 6d 73 67 29 0d  0a 20 20 20 20 20 20 20
20 20 20 20 20 73 65 6c  66 2e 5f 70 6f 72 63 75
70 69 6e 65 20 3d 20 4e  6f 6e 65 0d 0a 20 20 20
20 20 20 20 20 20 20 20  20 73 65 6c 66 2e 5f 61
75 64 69 6f 5f 73 74 72  65 61 6d 20 3d 20 4e 6f
6e 65 0d 0a 0d 0a 20 20  20 20 64 65 66 20 5f 6f
6e 5f 77 61 6b 65 5f 77  6f 72 64 28 73 65 6c 66
2c 20 77 6f 72 64 3a 20  73 74 72 29 20 2d 3e 20
4e 6f 6e 65 3a 0d 0a 20  20 20 20 20 20 20 20 22
22 22 0d 0a 20 20 20 20  20 20 20 20 43 61 6c 6c
65 64 20 77 68 65 6e 20  61 20 77 61 6b 65 20 77
6f 72 64 20 69 73 20 64  65 74 65 63 74 65 64 2e
0d 0a 20 20 20 20 20 20  20 20 52 65 63 6f 72 64
73 20 61 75 64 69 6f 20  61 6e 64 20 74 72 61 6e
73 63 72 69 62 65 73 20  69 74 2e 0d 0a 20 20 20
20 20 20 20 20 22 22 22  0d 0a 20 20 20 20 20 20
20 20 69 66 20 73 65 6c  66 2e 5f 77 68 69 73 70
65 72 5f 6d 6f 64 65 6c  20 69 73 20 4e 6f 6e 65
3a 0d 0a 20 20 20 20 20  20 20 20 20 20 20 20 23
20 43 61 6e 27 74 20 74  72 61 6e 73 63 72 69 62
65 2c 20 62 75 74 20 73  74 69 6c 6c 20 70 75 73
68 20 61 20 73 69 67 6e  61 6c 0d 0a 20 20 20 20
20 20 20 20 20 20 20 20  73 65 6c 66 2e 5f 6f 75
74 70 75 74 5f 71 75 65  75 65 2e 70 75 74 5f 6e
6f 77 61 69 74 28 66 22  5b 57 41 4b 45 3a 7b 77
6f 72 64 7d 5d 22 29 0d  0a 20 20 20 20 20 20 20
20 20 20 20 20 72 65 74  75 72 6e 0d 0a 0d 0a 20
20 20 20 20 20 20 20 23  20 52 65 63 6f 72 64 20
61 75 64 69 6f 20 61 66  74 65 72 20 77 61 6b 65
20 77 6f 72 64 0d 0a 20  20 20 20 20 20 20 20 61
75 64 69 6f 5f 64 61 74  61 20 3d 20 73 65 6c 66
2e 5f 72 65 63 6f 72 64  5f 61 75 64 69 6f 28 64
75 72 61 74 69 6f 6e 5f  73 65 63 6f 6e 64 73 3d
44 45 46 41 55 4c 54 5f  52 45 43 4f 52 44 5f 53
45 43 4f 4e 44 53 29 0d  0a 0d 0a 20 20 20 20 20
20 20 20 69 66 20 61 75  64 69 6f 5f 64 61 74 61
20 69 73 20 4e 6f 6e 65  20 6f 72 20 6c 65 6e 28
61 75 64 69 6f 5f 64 61  74 61 29 20 3c 20 53 41
4d 50 4c 45 5f 52 41 54  45 20 2a 20 30 2e 35 3a
0d 0a 20 20 20 20 20 20  20 20 20 20 20 20 23 20
54 6f 6f 20 73 68 6f 72  74 20 2f 20 73 69 6c 65
6e 63 65 0d 0a 20 20 20  20 20 20 20 20 20 20 20
20 72 65 74 75 72 6e 0d  0a 0d 0a 20 20 20 20 20
20 20 20 23 20 54 72 61  6e 73 63 72 69 62 65 0d
0a 20 20 20 20 20 20 20  20 74 72 79 3a 0d 0a 20
20 20 20 20 20 20 20 20  20 20 20 73 65 67 6d 65
6e 74 73 2c 20 69 6e 66  6f 20 3d 20 73 65 6c 66
2e 5f 77 68 69 73 70 65  72 5f 6d 6f 64 65 6c 2e
74 72 61 6e 73 63 72 69  62 65 28 0d 0a 20 20 20
20 20 20 20 20 20 20 20  20 20 20 20 20 61 75 64
69 6f 5f 64 61 74 61 2c  0d 0a 20 20 20 20 20 20
20 20 20 20 20 20 20 20  20 20 62 65 61 6d 5f 73
69 7a 65 3d 31 2c 0d 0a  20 20 20 20 20 20 20 20
20 20 20 20 20 20 20 20  6c 61 6e 67 75 61 67 65
3d 22 65 6e 22 2c 0d 0a  20 20 20 20 20 20 20 20
20 20 20 20 20 20 20 20  76 61 64 5f 66 69 6c 74
65 72 3d 54 72 75 65 2c  0d 0a 20 20 20 20 20 20
20 20 20 20 20 20 29 0d  0a 0d 0a 20 20 20 20 20
20 20 20 20 20 20 20 74  65 78 74 5f 70 61 72 74
73 3a 20 6c 69 73 74 5b  73 74 72 5d 20 3d 20 5b
5d 0d 0a 20 20 20 20 20  20 20 20 20 20 20 20 66
6f 72 20 73 65 67 20 69  6e 20 73 65 67 6d 65 6e
74 73 3a 0d 0a 20 20 20  20 20 20 20 20 20 20 20
20 20 20 20 20 74 65 78  74 5f 70 61 72 74 73 2e
61 70 70 65 6e 64 28 73  65 67 2e 74 65 78 74 2e
73 74 72 69 70 28 29 29  0d 0a 0d 0a 20 20 20 20
20 20 20 20 20 20 20 20  66 75 6c 6c 5f 74 65 78
74 20 3d 20 22 20 22 2e  6a 6f 69 6e 28 74 65 78
74 5f 70 61 72 74 73 29  2e 73 74 72 69 70 28 29
0d 0a 20 20 20 20 20 20  20 20 20 20 20 20 69 66
20 66 75 6c 6c 5f 74 65  78 74 3a 0d 0a 20 20 20
20 20 20 20 20 20 20 20  20 20 20 20 20 6c 6f 67
67 65 72 2e 69 6e 66 6f  28 22 54 72 61 6e 73 63
72 69 62 65 64 3a 20 25  73 22 2c 20 66 75 6c 6c
5f 74 65 78 74 5b 3a 31  30 30 5d 29 0d 0a 20 20
20 20 20 20 20 20 20 20  20 20 20 20 20 20 73 65
6c 66 2e 5f 6f 75 74 70  75 74 5f 71 75 65 75 65
2e 70 75 74 5f 6e 6f 77  61 69 74 28 66 75 6c 6c
5f 74 65 78 74 29 0d 0a  0d 0a 20 20 20 20 20 20
20 20 65 78 63 65 70 74  20 45 78 63 65 70 74 69
6f 6e 20 61 73 20 65 78  63 3a 0d 0a 20 20 20 20
20 20 20 20 20 20 20 20  6c 6f 67 67 65 72 2e 65
72 72 6f 72 28 22 54 72  61 6e 73 63 72 69 70 74
69 6f 6e 20 66 61 69 6c  65 64 3a 20 25 73 22 2c
20 65 78 63 29 0d 0a 0d  0a 20 20 20 20 64 65 66
20 5f 72 65 63 6f 72 64  5f 61 75 64 69 6f 28 73
65 6c 66 2c 20 64 75 72  61 74 69 6f 6e 5f 73 65
63 6f 6e 64 73 3a 20 69  6e 74 29 20 2d 3e 20 4f
70 74 69 6f 6e 61 6c 5b  62 79 74 65 73 5d 3a 0d
0a 20 20 20 20 20 20 20  20 22 22 22 0d 0a 20 20
20 20 20 20 20 20 52 65  63 6f 72 64 20 61 75 64
69 6f 20 66 72 6f 6d 20  74 68 65 20 6d 69 63 72
6f 70 68 6f 6e 65 20 66  6f 72 20 61 20 73 65 74
20 64 75 72 61 74 69 6f  6e 2e 0d 0a 0d 0a 20 20
20 20 20 20 20 20 52 65  74 75 72 6e 73 20 72 61
77 20 50 43 4d 20 62 79  74 65 73 2c 20 6f 72 20
4e 6f 6e 65 20 69 66 20  72 65 63 6f 72 64 69 6e
67 20 66 61 69 6c 73 2e  0d 0a 20 20 20 20 20 20
20 20 22 22 22 0d 0a 20  20 20 20 20 20 20 20 69
66 20 73 65 6c 66 2e 5f  61 75 64 69 6f 5f 73 74
72 65 61 6d 20 69 73 20  4e 6f 6e 65 3a 0d 0a 20
20 20 20 20 20 20 20 20  20 20 20 72 65 74 75 72
6e 20 4e 6f 6e 65 0d 0a  0d 0a 20 20 20 20 20 20
20 20 66 72 61 6d 65 73  3a 20 6c 69 73 74 5b 62
79 74 65 73 5d 20 3d 20  5b 5d 0d 0a 20 20 20 20
20 20 20 20 6e 75 6d 5f  66 72 61 6d 65 73 20 3d
20 69 6e 74 28 53 41 4d  50 4c 45 5f 52 41 54 45
20 2f 20 73 65 6c 66 2e  5f 70 6f 72 63 75 70 69
6e 65 2e 66 72 61 6d 65  5f 6c 65 6e 67 74 68 20
2a 20 64 75 72 61 74 69  6f 6e 5f 73 65 63 6f 6e
64 73 29 0d 0a 0d 0a 20  20 20 20 20 20 20 20 66
6f 72 20 5f 20 69 6e 20  72 61 6e 67 65 28 6e 75
6d 5f 66 72 61 6d 65 73  29 3a 0d 0a 20 20 20 20
20 20 20 20 20 20 20 20  69 66 20 73 65 6c 66 2e
5f 73 74 6f 70 5f 65 76  65 6e 74 2e 69 73 5f 73
65 74 28 29 3a 0d 0a 20  20 20 20 20 20 20 20 20
20 20 20 20 20 20 20 72  65 74 75 72 6e 20 4e 6f
6e 65 0d 0a 20 20 20 20  20 20 20 20 20 20 20 20
74 72 79 3a 0d 0a 20 20  20 20 20 20 20 20 20 20
20 20 20 20 20 20 70 63  6d 20 3d 20 73 65 6c 66
2e 5f 61 75 64 69 6f 5f  73 74 72 65 61 6d 2e 72
65 61 64 28 29 0d 0a 20  20 20 20 20 20 20 20 20
20 20 20 20 20 20 20 66  72 61 6d 65 73 2e 61 70
70 65 6e 64 28 62 79 74  65 73 28 70 63 6d 29 29
0d 0a 20 20 20 20 20 20  20 20 20 20 20 20 65 78
63 65 70 74 20 45 78 63  65 70 74 69 6f 6e 3a 0d
0a 20 20 20 20 20 20 20  20 20 20 20 20 20 20 20
20 62 72 65 61 6b 0d 0a  0d 0a 20 20 20 20 20 20
20 20 69 66 20 6e 6f 74  20 66 72 61 6d 65 73 3a
0d 0a 20 20 20 20 20 20  20 20 20 20 20 20 72 65
74 75 72 6e 20 4e 6f 6e  65 0d 0a 0d 0a 20 20 20
20 20 20 20 20 23 20 43  6f 6d 62 69 6e 65 20 66
72 61 6d 65 73 0d 0a 20  20 20 20 20 20 20 20 69
6d 70 6f 72 74 20 73 74  72 75 63 74 0d 0a 0d 0a
20 20 20 20 20 20 20 20  72 61 77 20 3d 20 62 22
22 2e 6a 6f 69 6e 28 66  72 61 6d 65 73 29 0d 0a
0d 0a 20 20 20 20 20 20  20 20 23 20 43 6f 6e 76
65 72 74 20 74 6f 20 66  6c 6f 61 74 33 32 20 6e
75 6d 70 79 20 61 72 72  61 79 20 66 6f 72 20 57
68 69 73 70 65 72 0d 0a  20 20 20 20 20 20 20 20
74 72 79 3a 0d 0a 20 20  20 20 20 20 20 20 20 20
20 20 69 6d 70 6f 72 74  20 6e 75 6d 70 79 20 61
73 20 6e 70 0d 0a 0d 0a  20 20 20 20 20 20 20 20
20 20 20 20 73 61 6d 70  6c 65 73 20 3d 20 73 74
72 75 63 74 2e 75 6e 70  61 63 6b 5f 66 72 6f 6d
28 22 3c 22 20 2b 20 22  68 22 20 2a 20 28 6c 65
6e 28 72 61 77 29 20 2f  2f 20 32 29 2c 20 72 61
77 29 0d 0a 20 20 20 20  20 20 20 20 20 20 20 20
66 6c 6f 61 74 5f 73 61  6d 70 6c 65 73 20 3d 20
6e 70 2e 61 72 72 61 79  28 73 61 6d 70 6c 65 73
2c 20 64 74 79 70 65 3d  6e 70 2e 66 6c 6f 61 74
33 32 29 20 2f 20 33 32  37 36 38 2e 30 0d 0a 20
20 20 20 20 20 20 20 20  20 20 20 72 65 74 75 72
6e 20 66 6c 6f 61 74 5f  73 61 6d 70 6c 65 73 20
20 23 20 74 79 70 65 3a  20 69 67 6e 6f 72 65 5b
72 65 74 75 72 6e 2d 76  61 6c 75 65 5d 0d 0a 20
20 20 20 20 20 20 20 65  78 63 65 70 74 20 45 78
63 65 70 74 69 6f 6e 3a  0d 0a 20 20 20 20 20 20
20 20 20 20 20 20 72 65  74 75 72 6e 20 72 61 77
0d 0a 0d 0a 20 20 20 20  64 65 66 20 5f 63 6c 65
61 6e 75 70 28 73 65 6c  66 29 20 2d 3e 20 4e 6f
6e 65 3a 0d 0a 20 20 20  20 20 20 20 20 22 22 22
52 65 6c 65 61 73 65 20  61 75 64 69 6f 20 72 65
73 6f 75 72 63 65 73 2e  22 22 22 0d 0a 20 20 20
20 20 20 20 20 74 72 79  3a 0d 0a 20 20 20 20 20
20 20 20 20 20 20 20 69  66 20 73 65 6c 66 2e 5f
61 75 64 69 6f 5f 73 74  72 65 61 6d 20 69 73 20
6e 6f 74 20 4e 6f 6e 65  3a 0d 0a 20 20 20 20 20
20 20 20 20 20 20 20 20  20 20 20 73 65 6c 66 2e
5f 61 75 64 69 6f 5f 73  74 72 65 61 6d 2e 73 74
6f 70 28 29 0d 0a 20 20  20 20 20 20 20 20 20 20
20 20 20 20 20 20 73 65  6c 66 2e 5f 61 75 64 69
6f 5f 73 74 72 65 61 6d  2e 64 65 6c 65 74 65 28
29 0d 0a 20 20 20 20 20  20 20 20 65 78 63 65 70
74 20 45 78 63 65 70 74  69 6f 6e 3a 0d 0a 20 20
20 20 20 20 20 20 20 20  20 20 70 61 73 73 0d 0a
0d 0a 20 20 20 20 20 20  20 20 74 72 79 3a 0d 0a
20 20 20 20 20 20 20 20  20 20 20 20 69 66 20 73
65 6c 66 2e 5f 70 6f 72  63 75 70 69 6e 65 20 69
73 20 6e 6f 74 20 4e 6f  6e 65 3a 0d 0a 20 20 20
20 20 20 20 20 20 20 20  20 20 20 20 20 73 65 6c
66 2e 5f 70 6f 72 63 75  70 69 6e 65 2e 64 65 6c
65 74 65 28 29 0d 0a 20  20 20 20 20 20 20 20 65
78 63 65 70 74 20 45 78  63 65 70 74 69 6f 6e 3a
0d 0a 20 20 20 20 20 20  20 20 20 20 20 20 70 61
73 73 0d 0a 0d 0a 20 20  20 20 20 20 20 20 73 65
6c 66 2e 5f 70 6f 72 63  75 70 69 6e 65 20 3d 20
4e 6f 6e 65 0d 0a 20 20  20 20 20 20 20 20 73 65
6c 66 2e 5f 61 75 64 69  6f 5f 73 74 72 65 61 6d
20 3d 20 4e 6f 6e 65 0d  0a 0d 0a 0d 0a 23 20 e2
94 80 e2 94 80 e2 94 80  20 43 6f 6e 76 65 6e 69
65 6e 63 65 20 45 78 70  6f 72 74 73 20 e2 94 80
e2 94 80 e2 94 80 e2 94  80 e2 94 80 e2 94 80 e2
94 80 e2 94 80 e2 94 80  e2 94 80 e2 94 80 e2 94
80 e2 94 80 e2 94 80 e2  94 80 e2 94 80 e2 94 80
e2 94 80 e2 94 80 e2 94  80 e2 94 80 e2 94 80 e2
94 80 e2 94 80 e2 94 80  e2 94 80 e2 94 80 e2 94
80 e2 94 80 e2 94 80 e2  94 80 e2 94 80 e2 94 80
e2 94 80 e2 94 80 e2 94  80 e2 94 80 e2 94 80 e2
94 80 e2 94 80 e2 94 80  e2 94 80 e2 94 80 e2 94
80 e2 94 80 e2 94 80 e2  94 80 e2 94 80 e2 94 80
e2 94 80 e2 94 80 e2 94  80 e2 94 80 0d 0a 0d 0a
5f 5f 61 6c 6c 5f 5f 20  3d 20 5b 0d 0a 20 20 20
20 22 57 61 6b 65 57 6f  72 64 44 61 65 6d 6f 6e
22 2c 0d 0a 20 20 20 20  22 57 41 4b 45 5f 57 4f
52 44 53 22 2c 0d 0a 5d
